========= xfs 4096 1 64k ========
429733 719008 1391170 1725373 1725373 1361701
477519 652697 1389493 1779242 1779242 1488372
444704 680868 1334164 1731617 1731617 1422222
447656 659869 1305374 1777240 1777240 1422222
457135 695168 1140804 1688018 1688018 1361701
460325 695090 1335519 1734234 1734234 1422222
447718 653486 1363004 1727987 1727987 1454545
444662 659041 1280729 1164056 1164056 1122807
470983 561333 1394515 1733009 1733009 1422222
435272 621577 1280472 1644148 1644148 1333332

========= xfs 4096 1 64m ========
512837 730735 1264711 1266689 1266689 1070359
488444 668216 1180533 1242198 1242198 1021669
520928 736873 1289543 1286535 1286535 1076336
471038 686967 1247304 1244605 1244605 1023792
482666 666653 1219887 1219616 1219616 1021175
485606 696619 1216512 1220068 1220068 1008292
484117 677263 1223739 1228323 1228323 1023408
514484 746371 1318047 1324600 1324600 1068876
499825 709072 1217822 1224008 1224008 1026904
514310 740401 1328040 1227033 1227033 1097277

========= xfs 4096 2 64k ========
438690 744674 1558617 2001374 2001374 1560976
470673 711291 1419211 1883531 1883531 1523810
463712 711225 1527761 1944083 1944083 1488372
484613 726675 1522674 1944028 1944028 1560976
429584 614698 1484646 1880657 1880657 1560976
447839 703171 1391437 1830072 1830072 1560976
441608 711530 1392752 1726597 1726597 1523810
484569 711854 1487064 1938257 1938257 1600001
473671 711494 1455119 1881326 1881326 1600001
420757 718819 1488114 1943032 1943032 1641027

========= xfs 4096 2 64m ========
525865 773495 1358453 1364905 1364905 1172609
519866 794721 1356373 1362691 1362691 1147459
524615 772148 1343311 1350926 1350926 1138331
530234 776695 1356177 1364766 1364766 1150622
534481 774738 1359498 1365360 1365360 1172484
544884 772565 1317520 1317780 1317780 1162336
533506 787133 1321260 1328900 1328900 1163677
519970 777358 1333468 1336244 1336244 1171708
529420 785662 1330110 1336322 1336322 1154880
514771 780533 1336566 1345294 1345294 1064431

========= xfs 1024 1 64k ========
321672 728178 1520136 1993905 1993905 1454545
316659 666214 1364449 1725985 1725985 1422222
345899 727043 1418687 1392848 1392848 1523810
338765 673147 1393847 1781167 1781167 1454545
345848 703693 1048030 1939597 1939597 1488372
344028 674062 1307914 1777039 1777039 1454545
351783 695006 1422711 1884170 1884170 1560976
346100 666944 1330786 1825745 1825745 1454541
345999 710950 1452171 1887028 1887028 1523810
349531 659802 1359264 1823722 1823722 1454541

========= xfs 1024 1 64m ========
360167 729814 1295127 1296661 1296661 1121711
350726 726417 1274124 1281726 1281726 1086562
362197 737901 1313664 1315957 1315957 1092539
356435 692498 1253220 1279722 1279722 1071830
361531 719037 1319776 1281373 1281373 1047737
339360 682290 728209 1291756 1291756 1090467
353367 610403 1296381 1296636 1296636 1082452
338203 659018 1214779 1217710 1217710 1075206
339253 654712 1206678 1218617 1218617 1071199
362574 703826 1307165 1313823 1313823 1073568

========= xfs 1024 2 64k ========
334924 727893 1489186 1884234 1884234 1560976
336984 687576 1488606 1940802 1940802 1488372
365647 695397 1525764 1997803 1997803 1600001
336884 711341 1525620 1941817 1941817 1488372
359433 710533 1488433 1883034 1883034 1641022
353781 694924 1522995 1882879 1882879 1523810
334924 680816 1456869 1884254 1884254 1560976
359741 695500 1454341 2005726 2005726 1560976
345936 696149 1491647 1359768 1359768 1599996
321751 609569 1521975 1883447 1883447 1599996

========= xfs 1024 2 64m ========
373434 745660 1350976 1359387 1359387 1159826
372848 742398 1365447 1375505 1375505 1166577
375344 750938 1376055 1384425 1384425 1171519
374782 743779 1322171 1329301 1329301 1159293
368341 700118 1191041 1265344 1265344 1043284
269998 671922 1124173 1241895 1241895 1069538
360269 746329 1353125 1368900 1368900 1174101
370214 745048 1366075 1374701 1374701 1147338
344465 721427 1345540 1351728 1351728 1163016
352618 714374 1292625 1302153 1302153 1156755

========= reiserfs 4096 1 64k ========
3710 1016740 1640954 2128657 2128657 1488372
287113 902733 1454095 2059796 2059796 1454545
289599 800575 1644001 2003292 2003292 1454545
309039 902383 1728813 2211095 2211095 1560972
283151 800835 1643470 2136184 2136184 1523810
276931 801095 1559559 1999875 1999875 1422222
274565 821622 1597523 2068905 2068905 1488372
282003 864652 1424872 2066261 2066261 1454545
284429 780300 1330241 1932608 1932608 1488372
285767 789024 1559811 1887754 1887754 1422222

========= reiserfs 4096 1 64m ========
267943 662227 1315642 1319669 1319669 1084691
272323 724170 1287495 1292368 1292368 1087680
268480 646139 1315004 1315770 1315770 1122595
285007 763645 1372627 1370647 1370647 1147037
268453 666748 1323588 1320144 1320144 1123480
284757 727216 1375768 1378257 1378257 1150905
271422 680179 1318310 1316377 1316377 1108450
287811 729134 1363285 1364280 1364280 1139776
264436 655865 1301818 1291147 1291147 1094181
288583 759229 1378140 1374407 1374407 1156898

========= reiserfs 4096 2 64k ========
2842 1104707 1833092 2131124 2131124 1684212
342164 1143183 1724296 2133647 2133647 1684207
355524 1143228 1641978 2136965 2136965 1729727
349858 1142418 1688423 2205179 2205179 1729732
353644 1001210 1884183 2211059 2211059 1777775
349938 998680 1825048 2126788 2126788 1641022
353588 983118 1880985 2133109 2133109 1729732
338531 1104299 1645497 2060684 2060684 1641027
357583 1124472 1643799 2126393 2126393 1729727
351701 1000826 1880914 2133018 2133018 1684212

========= reiserfs 4096 2 64m ========
340878 818708 1441430 1444318 1444318 1232157
321783 790981 1412837 1408070 1408070 1185614
339448 802253 1349477 1374235 1374235 1160997
319926 793818 1403642 1411773 1411773 1209530
340618 818922 1444544 1446134 1446134 1227128
336244 813131 1409193 1420221 1420221 1197463
342108 822036 1420006 1415676 1415676 1201767
339848 813736 1444542 1450422 1450422 1227794
342145 813698 1428950 1423392 1423392 1205259
332899 819577 1438453 1444859 1444859 1218028

========= reiserfs 1024 1 64k ========

========= reiserfs 1024 1 64m ========

========= reiserfs 1024 2 64k ========

========= reiserfs 1024 2 64m ========

