ReiserS 4k 64k
KB reclen write rewrite read reread read write
64 4 3785 1050722 1641493 2067147 1599996 876712
64 4 320170 1047191 1643912 2006070 1600001 1084745
64 4 300447 1047708 1636090 1934159 1600001 1084745
64 4 321757 986179 1726912 2003796 1600001 1122805
64 4 329701 954849 1729999 1995932 1641027 1103448
64 4 310834 1034011 1561278 1936086 1599996 1066666
64 4 316937 940055 1681816 1940604 1560972 1122807
64 4 316900 1067327 1527421 1999293 1600001 1066666
64 4 312350 984403 1733785 2072195 1684212 1142857
64 4 321715 999770 1641429 2063957 1230767 1084745

ReiserFS 4k 64m
KB reclen write rewrite read reread read write
65536 4 322675 803718 1375851 1374872 1169867 704294
65536 4 306320 739141 1357979 1352906 1154554 702610
65536 4 310353 776253 1388152 1394149 1180020 699856
65536 4 317175 798595 1386920 1383932 1186923 714725
65536 4 319231 794317 1368497 1374639 1180360 697837
65536 4 321574 797769 1391360 1389415 1196873 728380
65536 4 318748 782378 1380548 1383641 1166390 696369
65536 4 314656 795695 1380487 1380025 1182981 706001
65536 4 302953 713417 1375074 1385100 1182938 711736
65536 4 321659 808348 1369355 1364568 1170390 704415
