EXT4 1k 64k
KB reclen write rewrite read reread read write
64 4 321671 673437 1523358 1878652 1523810 735632
64 4 265507 666104 1602398 2006144 1599996 853333
64 4 337018 673298 1602674 1941309 1600001 914284
64 4 300302 634038 1487072 1780487 1560976 853333
64 4 333249 687664 1643475 1937683 1600001 901408
64 4 324794 615333 1522384 1886297 1488372 888889
64 4 326594 639309 1564779 2072453 1684207 901408
64 4 347852 666484 1487148 1933982 1560976 853333
64 4 303481 688814 1598243 1773594 1560972 853333
64 4 333204 680505 1595275 1935078 1560976 864864

EXT4 1k 64m
KB reclen write rewrite read reread read write
65536 4 229029 663877 1305134 1315613 1190092 608166
65536 4 387065 672204 1371792 1375041 1179617 596823
65536 4 384130 680631 1369641 1371531 1159744 593112
65536 4 339093 663386 1340618 1329414 1134370 626233
65536 4 342750 661752 1381360 1373488 1184349 612423
65536 4 338150 655432 1368812 1373951 1190914 593736
65536 4 344284 661318 1343996 1344384 1175048 610580
65536 4 391980 690369 1378343 1379966 1194560 614213
65536 4 346931 668468 1352623 1366413 1171415 610972
65536 4 343956 672199 1341986 1334718 1141046 605022

EXT4 4k 64k
64 4 392409 570972 1491676 1831017 1488372 864864
64 4 378612 688642 1598075 1933403 1523810 914286
64 4 470504 890335 1526921 1945039 1523806 914286
64 4 355655 673268 1520817 1887929 1523810 888889
64 4 410127 702477 1562538 1730908 1523810 876712
64 4 424141 659234 1101787 1888046 1560976 761905
64 4 410313 614939 1392445 1886206 1488372 914286
64 4 429259 694913 1102373 1881223 1560972 761905
64 4 412982 703400 1104466 1886653 1523810 771084
64 4 415799 680871 1556865 1832848 1560976 901408

EXT4 4k 64m
KB reclen write rewrite read reread read write
65536 4 497737 733860 1322064 1325993 1164277 675399
65536 4 485963 727094 1312344 1314873 1172190 680193
65536 4 486024 723587 1311294 1317915 1178302 682581
65536 4 494652 734444 1321024 1321265 1157573 677682
65536 4 500890 733499 1347756 1348311 1174775 672005
65536 4 451294 715764 1354247 1356404 1151491 638391
65536 4 496756 738025 1342182 1345127 1179893 668727
65536 4 497945 726209 1349201 1351591 1156347 669636
65536 4 498353 743029 1340834 1355088 1124078 671805
65536 4 493821 727562 1313533 1320676 1171352 676221
