XFS 1k 64k
KB reclen write rewrite read reread read write
65536 4 497737 733860 1322064 1325993 1164277 675399
65536 4 485963 727094 1312344 1314873 1172190 680193
65536 4 486024 723587 1311294 1317915 1178302 682581
65536 4 494652 734444 1321024 1321265 1157573 677682
65536 4 500890 733499 1347756 1348311 1174775 672005
65536 4 451294 715764 1354247 1356404 1151491 638391
65536 4 496756 738025 1342182 1345127 1179893 668727
65536 4 497945 726209 1349201 1351591 1156347 669636
65536 4 498353 743029 1340834 1355088 1124078 671805
65536 4 493821 727562 1313533 1320676 1171352 676221

XFS 1k 64m
KB reclen write rewrite read reread read write
65536 4 369244 742500 1323290 1325458 1141961 631556
65536 4 371884 756032 1312347 1316330 1132469 659634
65536 4 360658 757572 1324518 1334121 1135254 642635
65536 4 371447 759211 1300445 1304562 1102464 635667
65536 4 360194 740293 1314403 1317733 1139855 643386
65536 4 372846 760216 1315718 1315559 1127520 644265
65536 4 368500 750380 1286582 1291858 1121826 645732
65536 4 366897 759679 1306720 1311452 1120273 650804
65536 4 358506 742423 1286712 1293261 1092885 626371
65536 4 362435 764465 1322196 1324255 1109050 642075

XFS 4k 64k
KB reclen write rewrite read reread read write
64 4 429752 744544 1491226 1778120 1488372 1084745
64 4 415749 703545 1423286 1680315 1454545 1049180
64 4 481046 727996 1424606 1783039 1488372 1066666
64 4 457121 727801 1454953 1834328 1488372 1084745
64 4 470667 743393 1453096 1828891 1560972 1122805
64 4 444749 711770 1102912 1779542 1523810 853333
64 4 470296 761842 1424772 1824013 1488368 1084745
64 4 488356 726990 1423688 1826054 1560976 1122807
64 4 473949 726908 1394225 1772633 1488372 1084745
64 4 477619 762627 1425219 1777723 1422222 1066666

XFS 4k 64m
KB reclen write rewrite read reread read write
65536 4 538769 828856 1333764 1335342 1129171 710078
65536 4 540918 810408 1303003 1305548 1145453 703266
65536 4 515410 805387 1335097 1337797 1146135 712440
65536 4 539076 793356 1317490 1325511 1118266 699520
65536 4 527639 807769 1311115 1313582 1133664 707472
65536 4 545501 797955 1323635 1328117 1136455 704976
65536 4 507103 783043 1326556 1330894 1138331 710463
65536 4 539590 804517 1283835 1312662 1140867 700283
65536 4 503902 803245 1313636 1319347 1138825 742348
65536 4 537810 787949 1313502 1316538 1120177 704529
